0.00473602595295772
0.00297734971281492
0.0121408705059051
0.0161532687327093
0.00368887614066188
0.00509216331475725
0.00520426193580124
0.0663502072501748
0.0242406019320904
0.0163319388561934
0.0817804353628825
0.0222241530594201
0.00729017647782336
0.0336074722864921
0.0379701200241622
0.0360723774438822
0.0241826701440611
0.0138745654377285
0.0128816234118169
0.024879804504453
0.0410085239483032
0.0100036359770806
0.00163307046611605
0.0651765495321592
0.0178794466833677
0.00760922997892334
0.00314351935713708
0.00848967776567548
0.0279737103822438
0.00487756386627782
0.0411482072240236
0.00371043038815551
0.0356646843988482
0.031984804026904
0.0168458575536586
0.0149241621534986
0.0281438671237245
0.00621030795540138
0.0103697454342067
0.00971233354077098
0.00720622434070243
0.0331244314752817
0.0044660696170474
0.0143099917993061
0.0101824192578136
0.0199734473183269
0.0222394722266253
0.0638105089217809
0.0115313573122305
0.0405051217153148
0.0535100060549995
0.0053574016820966
0.0301639212482936
0.0237932643539608
0.0859252024451332
0.0501427322434713
0.00208320097641312
0.059770020986971
0.0166352859757493
0.0268711379037432
0.0443325514734114
0.0172609993373644
0.00751322776663451
0.0238456960260197
0.0237574291285966
0.00834672443578837
0.0699766790904445
0.00268806474734224
0.0261303287633704
0.00387642059723639
0.0216088592328496
0.0192684352479959
0.00677695869183342
0.00645686153172552
0.00343396502711527
0.00773854345167368
0.0381664550360814
0.00630256187638298
0.0202935589171205
0.0511283986712979
0.023126744180627
0.0307033401437215
0.01520815391421
0.0175713119763548
0.000689355839757568
0.0280350093040952
0.0012599672549366
0.0198172985312857
0.00316408661482993
0.0182779606177204
0.00187454393691173
0.040874569820769
0.0224765938631315
0.00194733836256356
0.0138831132674445
0.011199604309869
0.0183733546062364
0.0218740172516518
0.0383667614565341
0.00487435798137677
0.0375686751810242
0.00545974883157354
0.0147312892122956
0.0241954736009862
0.000759823070344779
0.0607604034532767
0.00199651653068283
0.0345869741393139
0.00474651959699039
0.0438512882964786
0.00745960726799452
0.0623987148281446
0.00145688124291534
0.0147540617262994
0.00259685777399546
0.029724383630441
0.00964675455220382
0.00828026911050942
0.0167343877560067
0.00665245388013697
0.0848775953989078
0.0302000263885895
0.024203836493176
0.0261039361713233
0.0252138296054878
0.0206961827434788
0.011386744453867
0.0221112105034338
0.0438931408996735
0.00456906519739578
0.0260340009997455
0.0172286250006133
0.0273736644041075
0.0178501016816771
0.0141824602957366
0.0189557105511386
0.00300528048876368
0.00386303411888375
0.000356722006681425
0.00804352854878567
0.067409654390121
0.0225462476824771
0.0160430053747744
0.00159571213267109
0.027928904164927
0.0200499409798883
0.0109703816768338
0.000342575156690986
0.0156462032543676
0.00899306430415422
0.0375157377790197
0.0141708397756526
0.0099638848019366
0.0353275602947224
0.0218538310328157
0.0346902347437442
0.0188910871361378
0.00170971165634164
0.0190047241447187
0.0619042834340336
0.025409844293998
0.0178216209585966
0.00144868877726402
0.00667472795828777
0.062568957686105
0.0238448297067838
0.0024832842797774
0.0202211017479443
0.00378987208424119
0.0562532397347318
0.00614465908576836
0.0166637205427673
0.0142543994593383
0.0307467192881889
0.0489767416949866
0.011670144611209
0.0111321779713335
0.00765088339355515
0.0107939133321339
0.00960507845272008
0.0022804287530927
0.022073051361383
0.0475682425780898
0.0406911644133548
0.0256173791485521
0.00262551121003726
0.00126555986495562
3.06647565885551e-05
0.0131192230706684
0.00322984336886409
0.0466847076591951
0.00721495003543569
0.00437052480973166
0.00406625429642029
0.0262184623913595
0.0174241306211778
0.0432115084128071
0.00262586041217642
0.00478694376749401
0.0164374855162437
0.00892210507188142
0.0345286425589791
0.00214364889364112
0.00638702457364062
0.0324928628498904
0.0015705551902218
0.0265140413372004
0.052598539211857
0.0514735997488757
0.00391447528331804
0.00125694185221585
0.00593885699270148
0.0463781988528534
0.0057912868814298
0.00715242115435754
0.000638104157114625
0.0389852905900246
0.00578223691544752
0.0179065820231202
0.0145345911931137
0.0320071970980478
0.0133929680425479
0.0283253768307735
0.0125223374923966
0.0250064967471263
0.014000170692313
0.0300200174396886
0.00612938987330317
0.00130038515640932
0.0691147266671811
0.00343045274661118
0.0103651654462304
0.107356619145318
0.0174117479297185
0.0175118671818864
0.0587541776897795
0.0222951181088675
0.000435779764872579
0.00553515189413613
0.0155471863896057
0.016519911263119
0.0174145588924057
0.0247925823265162
0.0105298841379588
0.0162341686627257
0.001897138450421
0.0368412324423999
0.0435514117800061
0.020836264889159
0.00400510972541941
0.00359053771041211
0.000899764044490114
6.74779215619479e-05
0.00550091307997787
0.0127344012538815
0.0129628417972891
0.0591031706002238
0.0107702152515788
0.0897497089162036
0.00393698089957105
0.0154875805465937
0.00872138553193568
0.00150795812763713
0.0124229573414479
0.0418881249001941
0.00526231539306538
0.0308542017577462
0.00524575454774713
0.00376069146899355
0.0241311678974725
0.0113953659254211
0.0263583390595704
0.105659160112332
0.0064389062784005
0.003484551441545
0.0424359537850868
0.00207454504194631
0.00883223445291248
0.0132666977758028
0.0141950701931944
0.00361959863971597
0.00432742533072455
0.0291217177948761
0.00861017195547552
0.0296772665811755
0.00456861986648888
0.0187544418825544
0.00621493267026769
0.0060954044088345
0.00271963029334054
0.0634769515660365
0.0406752917150243
0.0197629811756453
0.00261352937291334
0.047596122076037
0.0523354640078373
0.0173547245938008
0.0102128256157289
0.0325280881820238
0.00637599909096219
0.0242961686790737
0.0219842610294343
0.0173484456311745
0.00830998362317855
0.0366050076422545
0.0268935971297085
0.0159572516256995
0.0126474251407581
0.0404084198030472
0.000679146496106673
0.0109534946632614
0.0362236945057248
0.00174972755427556
0.034777814380733
0.037418158833892
0.0105461139976504
0.0140046319225911
0.0128702342739019
0.0258852361873702
0.00137706131565051
0.0114474411175712
0.0309772256824183
0.000407904053383145
0.0544052701858823
0.00249800977015959
0.0257694917949795
0.00232034105502028
0.019794765445258
0.0162572659688342
0.00503075825244988
0.0075627858084971
0.0102050954940045
0.00638271685764393
0.0100715500789516
0.0641515628829656
0.0103251074472644
0.0531004129422522
0.0211660241898475
0.0634138366404812
0.00207297120647303
0.0585086177135756
0.0084840946650024
0.0814337290824106
0.0467661171169168
0.049795678299808
0.0152281050707658
0.00715242115435754
0.00174493867004623
0.0227043777464594
0.0300564095977498
0.0229908998861882
0.0252473777196531
0.0217917852824211
0.00669566395904906
0.031636763031517
0.0629213956923747
0.0378686571500917
0.00209954429572217
0.0059695567680081
0.0300681469579695
0.000720240633625371
0.0505129602833145
0.0100874272912092
0.0304790945770398
0.0169156863806827
0.0550016430612055
0.00123420466815125
0.071555677530152
0.00133162534926805
0.00703424861437115
0.0299169547587764
0.0109105008965921
0.0124881304885836
0.0326817500923958
0.00757019446438577
0.0386429936258159
0.0102020440971379
0.0195228913585011
0.0120562261369886
0.00795022861548427
0.00512848191478338
0.0326626314555458
0.00865224844915163
0.0205023039654572
0.0357279766066027
0.00232070190335355
0.0021354308673241
0.00737666320595007
0.00940124099158792
0.0146501032732903
0.0232713988486194
0.0194512794888215
0.0487908347146023
0.0054627113747714
0.00972104726439115
0.0167464164666269
0.00395603695554114
0.00863613724953891
0.00142186754578422
0.00938704741855156
0.0225043745725783
0.0484925073307165
0.0274020004555878
0.00490240445506661
0.00353494826972791
0.0218888211886087
0.0169963806981977
0.0308210057624413
0.0115094591745815
0.000659665396172604
0.0261258587578349
0.0312806253850266
0.00702169596410889
0.00577096317287453
0.0393844878186721
0.0165190204758129
0.0189459269825132
0.0115427812782009
0.0177732555793907
0.0192488898187314
0.0096421245376446
0.0124110552997816
0.0027499922474761
0.0156160550527141
0.00215404982409509
0.0161871925109535
0.00735150897527755
0.0507314418209321
0.020455590848514
0.0185776828819416
0.0134039006277982
0.0297922764118349
0.0545556557415391
0.0788556095947828
0.000467329750981869
0.0423734669052806
0.0255350368177439
0.0224779320626734
0.000285297448984565
0.00648488010386968
0.0101432733204851
0.0535906363475036
0.0230546511918954
0.0467360755911633
0.0672516023865906
0.0109418481008322
0.00952035069161907
0.045726012151901
0.028031169655579
0.00106936239393277
0.0391017813305475
0.0348865393057712
0.00026940086411902
0.00279551650773782
0.0140645665176288
0.0434886865181437
0.0151099760257866
0.0300013474248683
0.00183138665649153
0.017624678887556
0.0359754489160313
0.0517099401640811
0.0606618893347323
0.0159134240638065
0.0108165053901064
0.0552206552986096
0.0123224357200719
0.0187762236514744
0.0199602911889824
0.010780665400808
0.00602831473616197
0.00845092744843617
0.0295376158638196
0.0239258010598822
0.0241870910871532
0.0300374870062399
0.0080623546996485
0.00329683728600737
0.0180596890146969
0.0290793006313641
0.0101374379353741
0.0107616306099188
0.0136516822935646
0.00714352084557768
0.11730220026548
0.00591772376846934
0.00337607506678862
0.00467809873085988
0.0324238519882302
0.0286123687224414
0.0244469628274027
0.0191717983189463
0.0240331003486532
0.0296206671439878
0.0212392707817557
0.0125694417828021
0.00248931536095327
0.0147898175436759
0.0135713622475608
0.0315819919096117
0.0027214714958412
0.00702218235705022
0.0411590680741811
0.00816342071855327
0.00878492331373001
0.0130568576146298
0.00262995891287785
0.015150851405077
0.0118901642894248
0.0649643474781718
0.00583802898536325
0.0196321216748111
0.00228184562371847
0.0186125999644141
0.0570158224994378
0.0124832742568327
0.00766508363454892
0.0281469371079312
0.00269063280635021
0.000828154502364414
0.00246653579273361
0.0110622603992788
0.00272377838305561
0.00668564705198871
0.0177323182359268
0.00123356074331109
0.023352040797965
0.041227520843081
0.0402493874557847
0.0129545541031835
0.0236622222074303
0.0424611733646478
0.00491734430596987
0.00576656957366804
0.022431012750748
0.00758020633541242
0.011343357216958
0.00475673769031998
5.73584871275065e-05
0.0432894619835568
0.000476410146327
0.0477595555927508
0.0236011538462853
0.045161427620631
0.0325489116565999
0.0137012082176023
0.0387449584058477
0.0491083638672508
0.016395877098803
0.0222348908025302
0.0165350864182071
0.109231231410873
0.0199596954947954
0.00178174954453817
0.00405263477321803
0.0134749259566037
0.00902861485339354
0.00751425983468418
0.0178044424149093
0.0271506178126008
0.0129610296434249
0.0230541635761277
0.00669566395904906
0.000523519669554641
0.0014538550349833
0.0141553066917505
0.0236615225447198
0.0128697194880901
0.00407558947832673
0.0233367274387826
0.00999206441863082
0.05690857504339
0.012822870611578
0.0697339467326243
0.00247510073531553
0.0219529363743536
0.00285118452540226
0.0064692605230805
0.0116420603394047
0.00551282526780887
0.0242228017860119
0.00809496627067807
0.0112170054411547
0.0229650448320761
0.017108539232901
0.00248644624589222
0.00508316911843182
0.0191143380689218
0.00348466203237438
0.0243117814089599
0.0216165750672784
0.00441915555554844
0.0311532349502905
0.0201704838375635
0.0153243573148718
0.0524197361451887
0.00743943092667246
0.0196142924278774
0.0234907277892763
0.00574146325702906
0.00607501340808764
0.00289978216125358
0.00418372046988509
0.00853520870742534
0.0242090607676322
0.0780500090073769
0.0013237776291535
0.0219568931204398
0.0283599138790118
0.0394212199937203
0.0314244335550078
0.0282165613396134
0.00364055881882774
0.0677184539380153
0.00619663055245397
0.0346875686339907
0.0140790214694455
0.00995062294101119
0.0385851371015241
0.0252120305368282
0.0124019836071897
0.000247163844759761
0.00422603651383352
0.0632543107472034
0.0124952710009654
0.00447253136009524
0.00120790696819392
0.0185005861477549
0.0188091765108914
0.0361005259363277
0.00454147897183878
0.0090786489133176
0.0120982611510206
0.00975773269349052
0.0560925631754819
0.00255735685470554
0.0123126987606518
0.000451221618152606
0.0159386876827961
0.011421478460536
0.0453836204142105
0.0438692488469825
0.0398753905951276
0.141635546366457
0.0131398901877992
0.00403127288274633
0.00628125492468104
0.029919790923917
0.0207914734376473
0.00419424110148711
0.000870813519368137
0.00922106727700885
6.63117085281847e-05
0.013021280253604
0.0164601747802673
0.0369483460425342
0.0144626921353396
0.0384050600734703
0.0199326871109723
0.0208320753414071
0.0142245601017013
0.0288772972381238
0.0132632277931318
0.0117900548500517
0.020025733123149
0.00555613433109724
0.0135824556764711
0.00907422887000709
0.00615406967403314
0.0240628565434227
0.0110787866265337
0.0297823008055222
0.00311457704262748
0.0330639831754178
0.00440472002017681
0.0198747682354337
0.0438207312001381
0.0195740965534856
0.00885275047838687
0.000777025831144938
0.0249999288739789
0.0207073131409503
0.00859720376893369
0.0506505899242057
0.0120564783435308
0.0432611184000455
0.0243572777469095
0.0610637206004319
0.0131402268282283
0.0253737965160389
0.00549418673532445
0.0327587131085545
0.0129577996140696
0.0678804774250955
0.0198142227782299
0.0293498301272271
0.0156664744440254
0.02589634641101
0.0133022913106064
0.0345478438904455
0.063942843290827
0.0228237130689948
0.0190504548080815
0.000420291237565848
0.00136743047109653
0.0118680825154487
0.0205930561612661
0.0141335703262279
0.000891941146676017
0.0283800142776193
0.0132932449535709
0.0202800254097301
0.0181706914368893
0.00341988786595884
0.00971441799364454
0.0319300331455983
0.0583915718344146
0.00183760613779899
0.0475729804204637
0.000392852411573437
0.0060807933656546
0.0506324413262125
0.0631562271591784
0.0406840491371953
0.0224294407851935
0.00553502588823173
0.00643214166252521
0.0131380429447293
0.00359816338541046
0.000284920455566159
0.00652099557535734
0.110305007478052
0.023190592257444
0.0183294825819011
0.0214547354129656
0.000846334986980081
0.0649235079015187
0.0326817500923958
0.0239675474676694
0.0385309498306602
0.0155639588948592
0.0383805292873102
0.0134868362102143
0.000403603721600486
0.017898880723368
0.0758010738054489
0.00349782984286884
0.0626878042018639
0.103201099527837
0.010602988567662
0.0298030888107275
0.00476480334620198
0.00471495399495632
0.080956824145438
0.0236654043098094
0.00550133447363467
0.0172799922809917
0.0179249807602323
0.0771073676855501
0.00960812922400858
0.00809490008383188
0.0149891819583596
0.0168806940220312
0.0205261876511496
0.0240572367731914
0.0148703363647913
0.00344175351000824
0.00877158341115229
0.0240693479212285
0.00215953744899446
0.00115625670586511
0.00336293277815443
0.00256778787031182
0.0213144547138154
0.0217539695169231
0.00193250329287033
0.00881022719601246
0.0407710911188576
0.00129312171635726
0.0331611599594567
0.0121115296738514
0.0456359104078725
0.00698955949940366
0.00801760538209388
0.0100053950466127
0.0356001068061881
0.035820672760546
0.00649577438888031
0.00300357202368324
0.0203690806135002
0.0503779782192522
0.00155796631589613
0.0444698327413959
0.000660739425290829
0.0178683447922302
0.00520114134341912
0.0174211538362955
0.0767014546242454
0.0164709882951265
0.00426403051515445
0.00652449457502418
0.000882528660787905
0.0023913849265203
0.0168510641620282
0.00421295454158649
0.0497677389023797
0.00115994009438445
0.0658509898746739
0.00134777119486598
0.000405512195934113
0.0350481072963106
0.0354314993692601
0.00471987014762326
0.0213534125919097
0.0420492952699609
0.00343224990881704
0.0209899256291111
0.0556224973070611
0.0580013863226965
0.000691841182972677
0.0238745332065434
0.0311959737126372
0.00276977086642091
0.027088162898486
0.0551406557389553
0.00576655076726431
0.000736239993067317
0.0180003278007974
0.0263678185481
0.0365501561422277
0.0293939732010552
0.0159689980217605
0.0349455857234452
0.0243450647875196
0.0146134627186526
0.0123401891869549
0.00893013147980542
0.0339506360521456
0.059569248721174
0.0607546117336246
0.0486901635110849
0.00414477715806989
0.0127364263008374
0.00862324488919343
0.00159075272177578
0.029532675811363
0.00599763497981599
0.015268921826655
0.0122183193198119
0.00852174944414504
0.0455365813414041
0.00701017714592531
0.00381155136129049
0.0170350585800225
0.0679188885839684
0.128353467952701
0.0138634637191191
0.0123183033839488
0.029323324398543
0.0162534783402796
0.0445731466933225
0.02848361480215
0.017995050377759
0.00452991688498047
0.0118098867179822
0.000525717400372785
0.0146624961852016
0.0118276202925177
0.0171350676897024
0.024368969433344
0.025316975010061
0.0243729474482907
0.00337744727676935
0.0255798618977457
0.019224452676404
0.0253213126935491
0.0142176838313187
0.000777157289276273
0.00503376328135646
0.0201327295027041
0.00216628921480593
0.00279885307780634
0.0125333536705471
0.0267079965952175
0.0837471509974529
0.0567849189293517
0.0572568412189749
0.0365159301185273
0.0138441122158516
0.0119449273165158
0.00812332115150265
0.0370428430894846
0.000900707745880986
0.00420136153174631
0.0225490805190987
0.0219622979544077
0.0129766497864401
0.00407345547973035
0.0298426060553545
0.00192281532888874
0.0448233409002562
0.00312749296942923
0.0332891398893224
0.110486513676816
0.0250434148244531
0.00801182819991956
0.0862963703777972
0.0319674116458031
0.0435032811157327
0.0843265041705569
0.076693450897234
0.00667375691488358
0.010169231837692
0.0328370932215109
0.0160546111731577
0.0150939853074211
0.0386209693860397
0.0216417856799141
0.02135685737306
0.0497724196965308
0.0125118740139826
0.0704808786514365
0.00420810251026104
0.0188983807926263
0.0272897276393435
0.000950711439051248
0.0544336451955643
0.0271604836857106
0.00336174225328711
0.0167013313167716
0.00449350350381814
0.0919129555312264
0.00678641559444281
0.000888609776011893
0.0381697775012095
0.0128565198403076
0.0735662689934493
0.0020808395596011
0.0973163964817022
0.0388612868907824
0.000631581770697686
0.035147128938396
0.0388959161531453
0.061888942551649
0.0341165904013002
0.0156578034387853
0.0249807268171255
0.0397840662874246
0.0256562084344226
0.0116090572870911
0.010154190327605
0.0192871699922358
0.00860819311915759
0.00155999284997607
0.0159659589011659
0.0165560383797783
0.00992750706669047
0.00247962062047258
0.0110138715087876
0.0161026211491155
0.0135995805986546
0.0187830375332749
0.0707429608361447
0.0257703044101145
0.0267841674088829
0.0366280165806066
0.026528566593874
0.0308551467449166
0.0370375330782916
0.0989549564907799
0.0650444910600371
0.00511866173722558
0.00491534517740809
0.0103300814813517
0.00384546591978193
3.59870229031343e-05
0.00207097252034871
0.0105230944732539
0.00154772596970973
0.0419844678960483
0.00619498397568193
0.0820312058814315
0.0298135359589962
0.0810731928851811
0.02572346084712
0.00437673359788989
0.0226301861195696
9.52588075293659e-05
0.0119921241444077
0.00463984181374194
0.0276919417380906
0.00908021530265577
0.00178428495133348
0.0277183646819342
0.0142627798848224
0.0256384005684714
0.0210185749956864
0.00266456191818774
0.0205836958454815
0.0282748460225738
0.0259489522897729
0.0395163347799192
0.00439985937090435
0.0141765712556389
0.00869976441306352
0.0520154919172825
0.0173752317363676
0.0285053436536025
0.019968958074751
0.02274524995577
0.0565438320899115
0.00580234619592067
0.0486397991049983
0.00167765008902047
0.0151195270487938
0.000726277957155599
0.0144167311267246
0.00748119178993938
0.00235630602152768
0.0272566192875478
0.0229128773110065
0.0101615778161368
0.00384981046336533
0.0256162283563514
0.00742900601977744
0.00270577176390144
0.00965710284127097
0.0101245254288416
0.012107740827861
0.00522034564608606
0.0212238603930176
0.0031308652947362
0.0331752109558368
0.0680695486105717
0.0349453535705097
0.0258046161226286
0.0129586781812715
0.0424303571209513
0.0093800409218025
0.00233014186122814
0.000753035484355527
0.0119055464580326
0.00414309633045394
0.00344592499231448
0.00767282577019621
0.00660342450163625
0.014783547360037
0.0136456625832699
0.0435130856944135
0.00944322918596781
0.0378717017076403
0.0399540033354486
0.0382173275973812
0.0497793746505049
0.0724072657848478
0.0639300231152095
0.0225009235616952
0.0538561928427386
0.0220669166516337
0.0419986137983704
0.00108559163671759
0.0593827069095245
0.028475142799799
0.0385770952006306
0.0184993395974131
0.00270349362588065
0.0124993065790078
0.0054441596194065
0.0705712859614862
0.0122445257446032
0.0162068689363407
0.0205957572712362
0.0366723195266008
0.0356625270253862
0.01972169033031
0.00239832371445069
0.020641173329471
0.00269064107296154
0.00760590744099104
0.025603816121074
0.0354254101034515
0.104267428288963
0.0684345096008499
0.00605006094153842
0.0210565919882061
0.0250054720530338
0.0212936466974495
0.00768881784843495
0.0108473519514112
0.0129717887469315
0.0759740242875794
0.0224225514735071
0.00637065891252076
0.0137499435228089
0.0154987403595245
0.0100802617647287
0.0264880931432674
0.0242505455214457
0.011548018800405
0.0250928941847641
0.0969628236626408
0.0143935495977059
0.00714160684695638
0.0100526568057316
0.0162194429039467
0.0204398781124416
0.00100346919895965
8.86599669136983e-05
0.0465120220639009
0.00671329064233575
0.000576329011668172
0.00706741963586758
0.0257182993721227
0.0107807661356921
0.0937722191390754
0.0102837383199234
0.032707031679058
0.0220436985064025
0.00893297598585481
0.0651031469219836
0.0444185109805236
0.0616425805859834
0.0238132741702512
0.00521509911578852
0.0265591711046649
0.0297711714767185
0.00097548362251321
0.0110476543409024
0.00115636083131521
0.00281920939089902
0.0017788571895484
0.00176109377457484
0.0452398798144162
0.00736849527389103
0.0502711892081414
0.0335933107257011
0.0164153337963289
0.0275498941335674
0.0141534629077813
0.0131376592545485
0.0290170376978432
0.0153403736079108
0.00315343822738454
0.0116868390485755
0.0171950346940568
0.0425314201873516
0.0482610905728866
0.0475371108696085
0.0850940329215935
0.0155632430598326
0.0105264578671806
0.0057981673863776
0.0382033405262273
0.00411661323824625
0.0280412295669161
0.0329013032810134
0.0138048978491122
0.0450687069812964
0.0614133596572649
0.00282666914375412
0.0235712313149341
0.0151560735678403
0.0184768396055284
0.0275410849978885
0.0362234054221565
0.0173558450431568
0.0113832414507067
0.0229915819373817
0.0184289609618692
0.0335106919238198
0.0118375801493963
0.0120368196877627
0.0150034622171876
0.0405381343843399
0.0183520657924721
0.0358102235685561
0.00565124356197859
0.0396182713065778
0.0426232490067413
0.00703836315043444
0.0138728485843948
0.00203693191733061
0.00245809331800992
0.00746615909825206
0.00418950565308796
0.032388371700728
0.0208266777457468
0.00186238421982063
0.00789693734143549
0.0140239383661978
0.00501951042326467
0.0209546338333832
0.0335136784244498
0.00844625113586209
0.00451482146962964
0.0171169523500754
0.0151476972612238
0.00374599888330726
0.00426196378201368
0.0937776701395922
0.00563815007484244
0.104905634414761
0.00896824990593334
0.0590132822557011
0.0133807450984926
0.0207959128152204
0.0166463262022158
0.00874127831842041
0.00819092221472514
0.010084948931213
0.0192243724630314
0.0404634082452857
0.00199392873364538
0.0371070057283255
0.00326513028265818
0.012736068383552
0.0922572375889269
0.00789943461211983
0.0217636774666137
0.00727482784685942
0.0151185307166201
0.00259362300616232
0.0249578788056475
0.0134300803297982
0.0376194085946792
0.00679568257181004
0.0144236710561769
0.0586455474098434
0.0082641404614103
0.0369775327103722
0.0374501126117721
0.0356331178134974
0.0174048795622004
0.0153820424971124
0.00929461959084708
0.0133978667029116
0.0159865372419393
0.00649902484361798
0.0131455979608577
0.0133060236334536
0.0157571695386445
0.0302988235366438
0.0242853819056691
0.0473443272706442
0.0139019615078552
0.0269617642674467
0.0294795801252757
0.0777586338709498
0.0360500798464683
0.0212444467422585
0.00437639590493983
0.00890491605066277
0.00339516447060845
0.0274369585448552
0.0068851302546433
0.00345557546415772
0.0016526052599503
0.0142394723776785
0.0162128631992403
0.0376527739458595
0.00788918097443733
0.00254199519030954
0.0128257766676855
0.032082419956314
0.00474575437527992
0.0245174495395545
0.00212364002784747
0.00339392387641403
0.00468306537593364
0.043462314673796
0.0100526568057316
0.0277039331814253
0.0166618174063636
0.00188671112229365
0.00569288377942564
0.0452312094898078
0.111612378821268
0.00912634718486321
0.0457870864405923
0.0136440701463326
0.0102989902028512
0.0258140093832138
0.00604203527279947
0.00689586835288894
0.020586894107825
0.00209359238221704
0.0325601838704197
0.00955254200336222
0.00421690714860836
0.0134031827507227
0.0394161025676427
2.87559008544825e-05
0.0321875192165877
0.0377594679417533
0.0134272885471528
0.0655661607942324
0.00265197984678472
0.0209061695139563
0.0430112818735194
0.0422965675072927
0.00595332085759464
0.0155297821410897
0.0140585835189277
0.0281028226247478
0.0140652195393638
0.0252869630840411
0.00917150231401646
0.0273866610813087
0.0292406826846486
0.0408954764659897
0.00433629216488067
0.00254018177889015
0.00851178204710559
0.00826374472511297
0.0183813932804845
0.00757198072328825
0.00324046455960562
0.0207864620550783
0.00540656562426944
0.0222094528626107
0.0447811832712864
0.00238315958129436
0.0408547967186043
0.0113386688238538
0.0259981445387329
0.00634373497813845
0.0668384683033177
0.0305727670645777
0.0493683009626217
0.0174863832961909
0.0646339019951155
0.00233708978990958
0.0035602142228234
0.00419053970014095
0.00017332232172611
0.0111744518073386
0.0479992176116704
0.00274636542648623
0.0323965563617941
0.0960926498131981
0.0230080876961352
0.00896930317061852
0.0458052143148972
0.00874767765884075
0.0329445307745171
0.0264505045472858
0.00147146735014738
0.00412429854968745
0.110876023365899
4.64699184957513e-05
0.018429418352864
0.00131083495152989
0.00389249274001837
0.0105980054323189
0.0759216259949457
0.000768202164399659
0.00337722318150053
0.0319301217968588
0.030342465453287
0.0642193086517612
0.0347902690080157
0.0135511547661404
0.00167779109042749
0.0683931997453009
0.0285488115185668
0.00202884129873293
0.0223678660468633
0.00817739013137971
0.0320251052372865
0.0401418468919721
0.00235790925513388
0.0105868125538413
0.0298519744384354
0.0350569632850711
0.00567823798685743
0.0226923771423113
0.0280557650503511
0.0198496223434134
0.0653917576252233
0.0328600799890343
0.0343452602783626
0.00314672311472853
0.00682710663469312
0.0111875894823245
0.0392777179648332
0.00125350888654661
0.056428819859752
0.0139987455557325
0.00952543045200435
0.0279828399234854
0.0384077459087662
0.0259269501758689
0.0179165301189914
0.00178976487863295
0.0127133118971854
0.00640496535797549
0.0453965569456849
0.0628677958564777
0.00414760084981038
0.000892428375793973
0.0443901679392472
0.100191786633088
0.0470000433288904
0.00697211022638728
0.0336645778141204
0.0161266630231236
0.019331570643241
0.00229714771556043
0.00935441471603879
0.00568734879656544
0.00508192152871912
0.036810467247912
0.0252057899857686
0.031687798163085
0.00825652158613817
0.00705243274643826
0.0228818173331101
0.00270091357776325
0.0689878756505162
0.0203484051330766
0.0187000676574506
0.00544610470324623
0.0434087397857393
0.0066429913865366
0.00127748413165167
0.0312472256864177
0.0185868012441765
0.0103183302542348
0.0190456068844548
0.00707569716812239
0.000374785342230192
0.00560452367539862
0.00340737207466098
0.00495971944377067
0.00291064509835338
0.0277710655550067
0.0986892075482149
0.0164577213007986
0.000894295722710337
0.0132414054211282
0.0310609907028672
0.0184187438407343
0.021639964825022
0.0644176021955571
0.00923002900924396
0.00770432217387945
0.0427438118046899
0.0154192468645713
0.0157611211377638
0.0338194007637603
0.0416036341070043
0.00062699753111313
0.0207512277381113
0.0128719409583974
0.00261793452220795
0.0217187510671822
0.0342105912976721
0.00191013839186454
0.00224721947442165
0.0100699818048599
0.039948264970849
0.0171916924290908
0.0051358950181993
0.0067077989803078
0.00629585854141851
0.0136222564961812
0.0101786315537966
0.00165854349734054
0.0041881189435159
0.0528801022970337
0.0394120037332903
0.0345275987393305
0.00654465801894158
0.00767756282652972
0.0696233597532617
0.027636913987989
0.0214315434846071
0.00751521281367187
0.027901952857662
0.0112309773858023
0.00414478833771767
0.0089333935375431
0.0313012236525348
0.000852594329810851
0.00303383414696018
0.0349051575067489
0.0108792448564653
0.0160276527999662
0.0228318393938529
0.0298878547122387
0.00550383764377699
0.0526474168094398
0.0531778766618777
0.00219427951599531
0.0194767963052304
0.00574793913007357
0.0322125056785701
0.00644127690008028
0.00153254303350924
0.000392027859773484
0.00986939648083252
0.018039710414158
0.098198616161725
0.0140457983910757
0.020353688285396
0.0159776683356905
0.00165030999374035
0.0537374541901828
0.0241941221876692
0.0312817375509304
0.00165829318933022
0.00141225622077867
0.00677312552557759
0.00664099091116145
0.00972206537353638
0.00615179951934097
0.0356941405842253
0.006253410125976
0.0107179043952875
0.00888867164155513
0.0445816981103522
0.000701768111496064
0.0796948281052201
0.00104905829925183
0.00922903306469903
0.00546719268209279
0.00754814105128421
0.0275525818883394
0.0529777331702561
0.0185573767024987
0.00705541922100982
0.0278167974577278
0.0846123798585348
0.00894942026869379
0.0194168708317956
0.028472049859228
0.0101637835152464
0.0214231384889658
0.00137754893396695
0.0589575686375751
0.0199518470344103
0.021886381515086
0.00574159414476055
0.049068685898843
0.0233017328761229
0.0175482833075109
0.0176351524471275
0.0373887156806385
0.01364066659406
0.000719420961445724
0.0177299007183686
0.00074686973836777
0.0153844616356888
0.00174111563012391
0.00510303117299456
0.0057734543332115
0.0378027563789977
0.0660144986290941
0.00874224730519011
0.00735523051389111
0.000617284037070957
0.0111862927577707
0.0141961276266011
0.000785779689416459
0.0639753040208946
0.0173344715673793
0.0450696978724221
0.0502269595909756
0.0475215097205783
0.00230956524182025
0.00506890798264905
0.0336869050658751
0.0280502986547607
0.0094057159213849
0.0165574724604498
0.0114838756991704
0.0131192769588042
0.0248325215952538
0.0448002187386468
0.0315346889331935
0.0572421497058959
0.00351804407040381
0.0035481522938157
0.00217064088369773
0.00406954519702547
0.00147549913284562
0.0293139422150282
0.0372968584942265
0.0458258187481764
0.0533521934670654
0.00251057367107278
0.0023989714424678
0.0249286305124596
0.00279375610530321
0.0314083731929823
0.0132026300914139
0.0350594428621558
0.00487021993494905
0.0185112572798113
0.0513868930996874
0.0216220266614453
0.00167614402771068
0.0114894563542213
0.0542271028776259
0.0168119423340055
0.000454573825819933
0.017021604282046
0.114330807086175
0.00555289290357454
0.0309353123494346
0.0128636212541923
0.0109821199277877
0.00694356249852273
0.0294592319275011
0.00603179052964976
0.00133103053491504
0.0374996192559185
0.0113377562272045
0.0291783814899343
0.0353142045314629
0.0554010581301102
0.00456510495957101
0.0430687523595245
0.0102712822246678
0.00934413977448997
0.0282423215510718
0.0145062199956533
0.00530814462237282
0.0504107438762688
0.00106648038599748
0.00532302209320917
0.0134068924164624
0.00567043599974553
0.0100232029524664
0.0220863167256098
0.0633469137574573
0.0886631419995316
0.00647853496382504
0.0109247092450031
0.000732414140316365
0.0077931911956064
0.0247265317937635
0.0124026379507752
0.0193138849606304
0.00541590094407804
0.00702231431413455
0.0029803189073321
0.133523171569023
0.00313490343526669
0.0043162173790195
0.0485781599749967
0.00135522690426077
0.0285465901798511
0.00127839569686428
0.0688501848544414
0.0120920435198996
0.0368285071985333
0.0125115854094306
0.00551400290550054
0.00379355970183065
0.0487455712749561
0.0244501761831939
0.00510512684649587
0.000615891487918277
0.0600851312349276
0.00735894243247798
0.00129130211107954
0.00576407918325378
0.0152380594998755
0.00068168011252883
0.0273868014112754
0.0166430732020598
0.0111016897635876
0.0989913312841205
0.0477795048645732
0.0175680110930204
0.00203679960129179
0.0232117994379172
0.044891793822154
0.0130278733978028
0.0448904229557043
0.00931092235449669
0.00861416519491893
0.0121941961652895
0.00716407705810221
0.0845285303603378
0.00662794082619957
0.00547413731822231
0.0110875679289126
0.0476613721076222
0.00851806190670853
0.0312955800102616
0.0119213709652757
0.00503991154053754
0.0781715887521187
0.0716604038123436
0.0572795193623649
0.0212279522845929
0.0111964140997827
0.00753192137130191
0.0982019552032505
0.0187505680134626
0.00343990029602509
0.0398715761563631
0.00240776714552112
0.0101247182079302
0.0226705173966907
0.0055412002905043
0.0424321622245246
0.0333243273449432
0.0112703241186479
0.0133936063997402
0.0147820196183442
0.0293068246308752
0.0103834651613219
0.0150484620330747
0.0575120057018487
0.00320275825724444
0.0173326988479491
0.00169417272466382
0.0164232271505401
0.0147560713557834
0.0377059976246182
0.0240436168499192
0.0205051266546709
0.0100148327345939
0.000289255025493381
0.00187695924273732
0.0302415961975136
0.0121610480668329
0.0117137186043252
0.00261540242963165
0.163598189801166
0.010265485953208
0.0290409408948042
0.0125967805840832
0.0178364570548503
0.0410962171821802
0.0131536997186113
0.0107497361927594
0.0116678578338714
0.00712067409789681
0.0109486770115684
0.0116408867384446
0.0524569598375592
0.00559325120425232
0.00804716049689666
0.0247627682012942
0.0635639301950108
0.0872413157026255
0.00907613982692073
0.0985309968909607
0.0114074903756604
0.000264491460514624
0.0495700824103783
0.00634090854776491
0.0196372183083
0.0123973350998221
0.0163619496101591
0.00859297475791841
0.0109562927305161
0.0553357560688965
0.0194264402904122
0.00551368519803728
0.00770035276918676
0.0103106075709675
0.031573203834421
0.00550861293516806
0.0447691663773495
0.0222392335421478
0.00998824388171785
0.00121503943696413
0.001677273268819
0.0305451529036226
0.00595765658733181
0.00829226904490192
0.0167882318180257
0.00387251686772076
0.000860976101669191
0.0284973865273333
0.064613789068512
0.0106504556061308
0.03414540967136
0.0121183093682299
0.00479989851407542
0.00368921205215907
0.00695123849959616
0.00429790359212075
0.0234742372474488
0.0113453822072426
0.00647093101942384
0.0149753534098535
0.0392718895597404
0.00803169516777412
0.0520101711202252
0.00706741963586758
0.0222732628385628
0.011361936292933
0.0282151929825704
0.00333441005521321
0.0340210270555175
0.00350017251566511
0.0136975141575633
0.0277308961336233
0.0108156080119695
0.00375441446172543
0.0110875679289126
0.0947336091402117
0.0225598319786025
0.00631797605253779
0.000303629558803558
0.0473240326412401
0.00692013888611949
0.0115148195065859
0.0124397224263339
0.0118021665219396
0.00302190249828129
0.0781146442803987
0.0258138223404141
0.00692795901927919
0.0025186256709132
0.0166253480024151
0.0141773335990925
0.0168175870436336
0.0275128000372687
0.0253579454052946
0.00268290015646624
0.0320222943485135
0.0128815502877261
0.0127019680325894
0.0284807381090354
0.00371906483109599
0.00312974197759125
0.0165059252826478
0.00407214733190062
0.028735242715699
0.0354231938197188
0.0036338115425235
0.0174014435289286
0.0212908394225783
0.0292313993286822
0.0551950098669661
0.0338054463990182
0.0382550638075694
0.00988994834224853
0.00335859243618213
0.0289489095159863
0.00491210323800393
0.00839892097152348
0.00318762272775732
0.0881863242778662
0.0645288442210458
0.0107651556415155
0.055053679889614
0.030662694888681
0.00370808311563107
0.0116827165126801
0.0271945480261569
0.05343401396263
0.014592824158262
0.0171348982309037
0.0105454714516843
0.00609003310589153
0.0150349248681272
0.0371609320767533
0.015281776853631
0.0183328193232647
0.00614001654738226
0.0123129783004075
0.00850357882439799
0.0592026387562878
0.0165583099328279
0.0204866129695703
0.0474238342250192
0.00117291731664318
0.0179488936254457
0.0839275816001011
0.0229356164744948
0.00348158421428314
0.026730955832901
0.00289971246699123
0.0248017582043097
0.0238470533723111
0.00335141196368867
0.0107720760043774
0.0141874330181335
0.0240129091548327
0.00896375998975559
0.0614871429360384
0.00333836664044162
0.00120708074770255
0.00590282496672396
0.00341904979264319
0.01589028395301
0.0190852374887876
0.00857384340456292
0.0141148660038544
0.00548705416104857
0.0247764444261794
0.00339783453022138
0.0207036732029056
0.00670161840616646
0.0118142748072035
0.0171569988207647
0.0821858998033808
0.0230866890461952
0.000256533488304496
0.00156350062738729
0.0123122309189269
0.0774585438182833
0.0468677799266194
0.00601224180345816
0.0430005850200656
0.00818825066465276
0.00549958131131649
0.0103435450662144
0.0144650627264206
0.0275973631706157
0.00942231120185766
0.0120598844282869
0.0050852269135223
0.0050277283895133
0.0338630177315485
0.0194950512506551
0.0114548691528777
0.00156318943835919
0.0383091057699316
0.00452464180000586
0.0110275405171348
0.0234180641029039
0.00298231618239545
0.0176398728383272
0.000771899402717837
0.0253575195643302
0.0343129059137639
0.0484509981671193
0.00149370043930835
0.0127837735451447
0.0103439664383093
0.06248636087902
0.01970217563876
0.0147853094544533
0.000475503849502092
0.01802042206423
0.00338810310807122
0.0206339524697393
0.0313395071285208
0.00802303104516115
0.00711804253654357
0.00783155205695018
0.000972628633021564
0.00530534139353549
0.0150444013470918
0.00163960993237058
0.0020805913977558
0.0547166983697495
0.00743891580470208
0.0463707205807233
0.0172115079955216
0.0258042247846287
0.0157129283512498
0.0282741466476392
0.00619025572235188
0.0137412880950416
0.00372460499844504
0.0277110913535116
0.0193289161062076
0.0023684408552445
0.033536222442343
0.00166873117596569
0.0531826202817797
0.0144165017787958
0.00479689952427802
0.0577393030922374
0.0251070665428436
0.00187288741034185
0.00317311669251974
0.00547209041373429
0.0352622606808231
0.0418621658398903
0.00806839759324902
0.0119552725882436
0.00358682425678385
0.00819085284792784
0.0171738895186786
0.0735430814641595
0.0167536654407493
0.00794325868720832
0.0145702214230192
0.0116593027107348
0.0121196512331912
0.00263777041374897
0.0391661965238819
0.000809136593957849
0.034189818797167
0.000783472060027808
0.0550196855067161
0.0192232033580175
0.00557634627168122
0.0372192960146645
0.00415351220834064
0.00807928617047197
0.0306912614307986
0.0425369669585913
0.0243861892000826
0.00393029542461897
0.00127972760977626
0.0854829601891352
0.0277827992426121
0.0314333855741343
0.0158551433401433
0.00606948363571421
0.0514570961571069
0.0203437948521885
0.0452160426405229
0.0167852372716294
0.0102182111283549
0.00844447299824969
0.00390438423830292
0.002287908176645
0.0122778602108557
0.0165276360858442
0.0136901788692915
0.00273010414780512
0.01037705446112
0.0330716050597909
0.00123344113696661
0.0312345827976117
0.0131857895065224
0.0208804704039737
0.0166903468463902
0.0299239288791184
0.00660573970296882
0.0176951391885047
0.0031746510086206
0.0424058516941572
0.00253633218860512
0.0884595049881083
0.000412293546722341
0.0270715128029294
0.071961704600327
0.033996482002548
0.00783278134431151
0.0763259579669216
0.039559770948636
0.00457609121258949
0.000827374173364597
0.00839214677066393
0.0100096962360754
0.0655134590061236
0.0116117857492014
0.00840456164447965
0.0610466117900132
0.0158042437778828
0.00559230437624857
0.0312168882806875
0.0247621596859793
0.00784573590284074
0.0142781477758352
0.000160931235174632
0.0191871835905898
0.0212121663308878
0.00168788902646287
0.04872444383892
0.00766291715229687
0.0211218429925081
0.0169933744607182
0.0127413747044283
0.0131229635644991
0.0123711095586526
0.0119173842834436
0.0242361070408188
0.0449181979403995
0.0124490597945302
0.0207870310604152
0.154214989092299
0.0267577119992158
0.0113252624348017
0.0362868594752137
0.0207311651506271
0.0328077559916157
0.0171429590294092
0.0142437831035178
0.0110085823223333
0.0110366007215755
0.0115790535577334
0.00990437627014827
0.012766091352747
0.00599308613840038
0.0301530801556058
0.0252144742872882
0.0111876129362266
0.0364576710159857
0.0177081630188486
0.0146486443963685
0.000431180304300146
0.0107701330325737
0.0385675267546988
0.0434327860991409
0.0108879920190054
0.00245705686570694
0.00612492888976509
0.045083945263597
0.0162701440693969
0.0282865255305448
0.0123342814576865
0.0371920068867117
0.0200766062454146
0.034601170445881
0.0326200581952613
0.0387303056755643
0.0588483062751038
0.00579383728465471
0.0246393815417372
0.00322167713024718
0.00246818233287871
0.016003576560535
0.0693848058078394
0.0277852793683143
0.00753078284149832
0.00907373303967413
0.00472730644585394
0.0435744510227709
0.0266463339231062
0.0410155611701841
0.0144133351231841
0.0319515540761943
0.00192128665494999
0.0105614910186151
0.0609949826404033
0.0453005614304738
0.00716436941825084
0.0350902622900366
0.00550103446674779
0.0148911675693137
0.0349302905019131
0.0187130892757185
0.0933819012539936
0.0688170216579203
0.00767171885484025
0.010998050075074
0.046446335173829
0.00924038943020756
0.014516416413959
0.000849033749313389
0.00327701500562904
0.000616215784578279
0.0233225371351103
0.00392631805605882
0.0386967130826847
0.0243026448288514
0.000921304551675096
0.0135419715964549
0.0660307359753616
0.0060428602110684
0.0570642664124551
0.010390472782806
0.0503640923413103
0.0145568937964222
0.00240239706560626
0.0170400560318738
0.0192551299547423
0.00639325410988545
0.00893822902435205
0.0122657663101516
0.0229135478660415
0.00213279982847678
0.00573491850203838
0.00580732196177043
0.0124577762359114
0.0168913699900706
0.0164944205828385
0.00638879125748572
0.00868061597641784
0.0286629491821524
0.0069305934248861
0.00235004816004206
0.0102208882493081
0.0717991290600481
0.0127409352777523
0.0319218589924768
0.00603132878670098
0.0424983373814756
0.018107083078793
0.0474821046383223
0.0152833699246167
0.0171604931712938
0.0487282354873145
0.00649493344418229
0.0435829367901908
0.00150666525935784
0.0196189767024849
0.0176852740542523
0.0184534350623847
0.00716046260675048
0.00160567358766032
0.0563411721367265
0.0587318885108421
0.0339139841058792
0.00269181782637522
0.00175724742007144
0.011785080571188
0.0185079614404906
0.00512754576570439
0.0111544797081101
0.0325454185746206
0.025428392486477
0.00513024649461861
0.0441014446617057
0.00694386931675648
0.00550420945456351
0.0269332795241207
0.0176501682498637
0.0327824176527994
0.0211910417589577
0.00442220782124323
0.0495204010636953
0.0017438614755356
0.0142890143976592
0.0201000188533697
0.0207403276823054
0.0361222060285262
0.0107329874897651
0.00704849472587528
0.00417264105526878
0.00194506067438023
0.0497996993550155
0.0310232631954115
0.00311092395528642
0.0332007182280782
0.00837099369994368
0.0091824174388281
0.000799900111548307
0.0264828735142313
0.0274294669369052
0.0436100896767976
0.000857422741507291
0.0532087355919307
0.114060503284618
0.0100614831049199
0.00264344177450312
0.010011099315563
0.0400442598212593
0.05896960663423
0.0220383401858138
0.0392811989264488
0.0221332868828543
0.00244971177833328
0.0526897499033096
0.034281417019104
0.000824846107198649
0.0148221320706847
0.00601711734774504
0.0162128664898384
0.0549010214994887
0.0277079818155319
0.00328225199729659
0.00422350819641964
0.0317277584934266
0.000782727970711038
0.036661729845795
0.0326039783740174
0.0150255321648308
0.0314614734415696
0.00226461025023093
0.0192067135100804
0.0106940334517786
0.00679988547558904
0.0173575002000001
0.0215496129570443
0.0157163199215387
0.00822061734727838
0.00383337879781248
0.0957611138213464
0.0142114816229367
0.0170259105523096
0.0358692697080129
0.00902815074589215
0.0119871244616938
0.0115771796781638
0.0251721638205931
0.0139766244932855
0.0125486760529859
0.0371093391180919
0.0318414033805933
0.00332613753688962
0.00950026702695226
0.0034153538784007
0.0229162221560454
0.0199608613702531
0.0110621257892939
0.0504940541477103
0.00706165077290292
0.0163881410868398
0.0443889607876429
0.00490169982143521
0.07143947178644
0.0279369434065866
0.0351421487177428
0.00816240701633944
0.00721665457370532
0.0517137314460825
0.0354974055428399
0.0354099497705658
0.0197647024458608
0.0031539978542299
0.0222070348890645
0.0101531757172355
0.000798720823545222
0.00178417998500774
0.0464543573379317
0.000903824883381139
0.00438315169594185
0.0135678283373445
0.0518293255518881
0.0178938092798106
0.0165726772177357
0.00574436309394717
0.00646890277676942
0.0270698279162404
0.0145031584454654
0.0124862112134212
0.00508859854805418
0.0111254151170399
0.0325402983196524
0.0178759122693466
0.0181929900216738
0.0117006135560414
0.0525531974307878
0.0105632040361796
0.0692413412994713
0.00484906714032565
0.0526130442954684
0.0934130207428141
0.00111029014633433
0.025625702375754
0.00688819173089382
0.00656360751602083
0.0300851121201282
0.0152112759722056
0.0149204984378758
0.0215385332929547
0.00809325542107009
0.0054657911970689
0.00187748312555356
0.0104672377412368
0.0114138263541301
0.0702211478067712
0.0387560676491681
0.00649531140755423
0.0792679991587708
0.0216394912623508
0.00129518615005974
0.0158235783238787
0.0189621847776453
0.0168201781776442
0.00975621821165458
0.00799328922469861
0.0367461314228086
0.0188077970984226
0.00248542726324828
0.00920137811452062
0.0124030090450902
0.0251591400389113
0.0220455714799586
0.00561353983137547
0.0098618151222586
0.0111697942684934
0.00560386551617783
0.02377133713449
0.0121717384674168
0.00782740571438162
0.0466015228009043
0.0109008003962438
0.00957694526852769
0.0452157022462839
0.0711693105743167
0.0247164042840456
0.038095961641023
0.0317722837171429
0.0141932987774108
0.00258837134635076
0.00732750590510013
0.0199317507061022
0.00131823966487521
0.00576214483979365
0.0203569892097059
0.00191500542762422
0.045925582623153
0.0391659190721633
0.00106166107499733
0.00204463969971586
0.00725579473969319
0.0116769241680923
0.0121640416893146
0.00474551285190778
0.00402686068965865
0.0222317183903182
0.0301521684691703
0.000782575007773421
0.0109804703200332
0.00721275440676341
0.0313048787924469
0.00533096277468788
0.0329781827357158
0.016186252003548
0.0411084717789236
0.0248625509964906
0.00871413694743541
0.0281001496913219
0.00672819097361506
0.00472604737435504
0.0390889758307326
0.00120268080713741
0.0712359459093295
0.028826913433638
0.0194525230331155
0.00435848303785087
0.000218849596759831
0.0234094865786504
0.00183464365916093
0.0180829060042734
0.020605181087842
0.0139823709145186
0.0452953193585233
0.0122314615003042
0.000878587169165899
0.0241447922955781
0.00605291847353401
0.00135454170361881
0.00242583727804944
0.0376668723854014
0.0137045033586484
0.00278546971218222
0.00373151708221705
0.000743121805837606
0.00211888588520343
0.0200323408311523
0.000239781614377139
0.0204976178090803
0.0802982425790501
0.0110601220083869
0.0128213927692799
0.0129462188073859
0.0183031725851002
0.0274311753803449
0.050387392581357
0.0219288345431637
0.0191966688685007
0.0386537019212407
0.000738422381472795
0.0145865290211217
0.00865145987953695
0.0255207551041799
0.0311954559258074
0.0130074222268682
0.00661756743836672
0.0235034553501121
0.0172018755864728
0.000949998136455435
0.0275339774436981
0.00937673006500762
0.00728981213869971
0.021509298380806
0.0135405015580617
0.0295073962381508
0.00158027415765687
0.010101333215989
0.0209383309928264
0.00326641001549868
0.00265379026249186
0.0377764251973391
0.00283664692912689
0.0169890863192328
0.0116460511418227
0.00393460429176142
0.0597423079601068
0.103246774509426
0.0590453832599545
0.101365100371965
0.0245990411272576
0.00711459819058529
0.0119294718634933
0.0518024442604578
0.00250801986108757
0.0107254266839255
0.0487968902979263
0.00176908150790818
0.0320681346818661
0.00452564505472975
0.0117231485519444
0.0102677938472546
0.0219331171319569
0.0113765638157042
0.0114503408998352
0.0170970480490065
0.0281744081578867
0.0232493212013501
0.00850558799645615
0.0130949434618521
0.035021052847461
0.00934898462167229
0.0118367251313303
0.0316453897453379
0.00437890083985215
0.0101639066970868
0.00924693705573419
0.0299238505864879
0.0186206368445723
0.00127035371506669
0.0290549151878665
0.0631394389074386
0.0180774052500258
0.0426885607600171
0.0174025501616491
0.0332815138759816
0.0102918602658634
0.00821150086709706
0.00687794231420924
0.0157669472515186
0.0220031392482708
0.032512095961658
0.0190418087328159
0.0676222261919142
0.0315127541886498
0.0134781035298009
0.000968980713416066
0.0282572552782585
0.00825943182360732
0.0297434230165033
0.00735787080090112
0.0592782797050443
0.0064719338031835
0.0217391167195358
0.00298098387687253
0.0321558421442194
0.0401106128243814
0.0108934861135799
0.0224320061636924
0.0400478646780861
0.0824699440362513
0.00969356381113022
0.00968060051985594
0.00353952509307335
0.000620763454053253
0.00838404690107747
0.0240175785801792
0.00978278720827819
0.0356033796373992
0.12477381266743
0.00273175710942775
0.0213370151966245
0.0276324834445488
0.0762856097144537
0.0518883269057894
0.00468721657851396
0.0346102240679168
0.0309411329582653
0.0416084915260902
0.00872359821795533
0.00260260336856985
0.0106855835814021
0.0475666764251742
0.064039700318926
0.0822982616697437
0.0143982965127087
0.00798529430452358
0.03868754088136
0.0186052949764993
0.0164947110681887
0.0160001497233325
0.0100018958137124
0.011997833564877
0.00439983338746559
0.00557418803098501
0.0270236481066487
0.0292464940534426
0.00952093835522671
0.0327296341118903
0.0412143727760199
0.00900439767345561
0.00759563691107186
0.0368174746345645
0.0554930833772867
0.020889652483183
0.100646584662242
0.0136418052046741
0.0160919608317852
0.0302936705231106
0.00318322255598522
0.00571650345096427
0.0265235151956104
0.0190160638314884
0.0263096056215374
0.0413133064544177
0.0471040205309643
0.0496146602893955
0.02346624017599
0.0237272984520606
0.00813151693262111
0.0241466069727948
0.0112686408144315
0.0291305068289985
0.00361228658274675
0.0156625440785457
0.00469144103484281
0.0118626621180835
0.0104650547241475
0.00863593528671507
0.00956960096335611
0.00836086408410281
0.0191330906180906
0.00473550531579276
0.0217608957494131
0.00491679221563346
0.0331333597260535
0.0754157510843126
0.000874658083021497
0.0534033355084325
0.00144205266994152
0.0299982823918325
0.00457643192266874
0.00314363353254029
0.0194826988316274
0.038780760170856
0.0085333445373079
0.0224772934070719
0.020763329965494
0.0372935598263968
0.0192567464202454
0.000950823623744197
0.0132758226305189
0.0113531538492612
0.00903453317157924
0.0469189896082584
0.00253339915647505
0.0100592487862474
0.0122023026743118
0.0250553261362539
0.0333213062660104
0.0135931897588198
0.0237044299701137
0.0180798140347106
0.0189807823813471
0.00785076172750695
0.00145773892672846
0.0375939820382983
0.000690178135821502
0.0348530576433772
0.00997974607888587
0.00254085275828869
0.0526065156513221
0.0102024006258641
0.020892067539715
0.0431259848954415
0.000967107991309274
0.0114294145290541
0.0163848828529303
0.00324370294167562
0.0841414158016231
0.0242756126598874
0.0358989197829819
0.0276776436875013
0.00830761157632962
0.0312465223864099
0.0576697896327868
0.0266821855733723
0.0517603574494067
0.0087973963876317
0.000830630062665091
0.0266047125180949
0.0137548227811812
0.00630537611960345
0.014238258103587
0.0313566779211754
0.00168114746792958
0.0453231438461174
0.0181908867770285
0.0170307414829349
0.0398398375084584
0.0388208340753741
0.0259619418223391
0.0241945682138308
0.00747666861633186
0.0110378200042248
0.038944685187976
0.00831477451119334
0.0571990097547126
0.00225939930404347
0.00243241812844646
0.00654476783986826
0.0259170075268206
0.00680359595321132
0.00365218461193597
0.0132479749742322
0.00355669063818506
0.00430535554312377
0.0165884885233693
0.00226030493788468
0.00503983074033559
0.0021053691299219
0.00223566192036596
0.00352662770261255
0.0326763455564478
0.00353987207736938
0.0362822391013628
0.0144688379040536
0.0212553502094587
0.0432319077725665
0.0249472591097207
0.0613939694724764
0.023574951425989
0.0145818805633997
0.0123129213136547
0.0200921841211592
0.0166269579633568
0.0797307209437734
0.00919487350716683
0.00945688363051857
0.00649985689965912
0.00274464663566398
0.00900847799586584
0.00273635792314973
0.0487788373846063
0.012271283720368
0.00442775169586775
0.0172014484803277
0.00337869734843685
0.0350395205918573
0.0149350956401353
0.000789339864034152
0.012585310793978
0.00566223877472438
0.00916205999304268
0.0117683543177582
0.0244984781818065
0.0279740982200652
0.00184267639796583
0.0218375038035705
0.00259599729135605
0.00212144329333199
0.0714251813798921
0.00516420416332814
0.00742159370622027
0.00153249762361458
0.00375784941420353
0.00407511294854488
0.00995799193827115
0.000949532138108339
0.0253599569595486
0.0489224419785105
0.01494383615343
0.00941709543028327
0.0350827864798701
0.00622128631161358
0.00111938341410084
0.0185207598929514
0.00026905929433308
0.00409015454525044
0.00576569756091624
0.00159288197905189
0.0108067633064321
0.00911168657691263
0.00327367834890615
0.0112108115445018
0.00777627722028959
0.0541799653620816
0.039118093248289
0.0298474795553762
0.0866928031209553
0.031528511800698
0.0107886204937835
0.0142573126058905
0.0153222992834582
0.0361519533200431
0.00327835806489592
0.00560357438036249
0.00663793378631804
0.00317958032806941
0.0529751581375386
0.0364358225317505
0.0298512505057241
0.00926618374136902
0.00376156753244799
0.0263824542442929
0.00707866615819942
0.0777293074912781
0.0183963695483329
0.0281030739812282
0.0378600230417808
0.00953711146977958
0.014193875340493
0.00203644842249263
0.0111812475475335
0.00261848529524876
0.0104267102514829
0.0138448057509508
0.0068227101569485
0.0460969339568993
0.0293902705314442
0.00708621309259483
0.0171736728356582
0.0103769365873758
0.0715926509696314
0.0202120007244294
0.0100149582892045
0.0328909868718821
3.13236427507583e-05
0.00231032012766159
0.0197999161278575
0.000512876597902536
0.00258220354319132
0.133936319288786
0.0235777017376167
0.0285559065468983
0.00308020079422345
0.00241123830636685
0.0156738660268203
0.0245696057505764
0.0309564921119905
0.00216879586529821
0.00896896939949355
0.0105260267588959
0.000815632759542862
0.0154987075490598
0.00808371976703101
0.000649623955571897
0.00840967809372724
0.00706916359800862
0.0716631365214841
0.0350717986878516
0.0203435914270594
0.130326620877904
0.0341250270019998
0.00540150485885502
0.00611210122117844
0.0266261226851028
0.00428505650438049
0.0376782706546254
0.00557702098315313
0.00585701510593506
0.0881374585210851
0.00456316480559598
0.0104129856990408
0.00422042039675965
0.0241393299449461
0.0199143581821977
0.0533162469670626
0.00180146108565377
0.00652787999511112
0.0412163960562019
0.00468668001972901
0.00882957851434182
0.00257763864742899
0.0237979713360284
0.00641520299387929
0.0318820850048572
0.0165677115843104
0.0199755601147648
0.0157859219168602
0.0295275313299741
0.0306245559557517
0.0118752652419698
0.0455268414052808
0.0378475118593549
0.0019423422956176
0.0845148003413785
0.00309964785284745
0.0104858748154092
0.00913164395823267
0.000176378022286155
0.023343633565814
0.00592619571528558
0.0117490103186917
0.0358904167376074
0.0160455226843666
0.0102527752479839
0.0038111078692309
0.0369853905107468
0.026960904417146
0.00299584172105553
0.0132616586413499
0.00992882306796028
0.0274181247979051
0.00206358099597146
0.0269629853826604
0.0105952417849898
0.0193121865506593
0.0312005005682062
0.0554293493856514
0.0390542368776507
0.0182309789071965
0.0184934906077208
0.0505983852572148
0.00461359252296245
0.0243670563095735
0.00369105387094233
0.0817464623368494
0.0322377854439486
0.0377891155948713
0.000985321432828926
0.00814996002375498
0.0657901365793164
0.0176020623037375
0.0371070889682011
0.00107714964993977
0.038499783577299
0.0600811601657888
0.0160843582024619
0.00301167916089147
0.0503174787521984
0.0294864939578677
0.0523903804405744
0.0163912605946753
0.0105444989512685
0.00987914874325547
0.0885128729227316
0.0259002212747924
0.0292958906720761
0.0108690207502211
0.0101626576589384
0.0184824649454243
0.0099512446811821
0.0622031315457354
0.0293797614837205
0.00382798514291455
0.0429883624502385
0.0350897976778353
0.00962309827140696
0.0381156321327037
0.0105020857203885
0.0122791242681575
0.0382034538471551
0.00325093801244292
0.00220422181230266
0.00720825438828842
0.0575867117905589
0.0812978817775578
0.00499906291389578
0.0285882229038219
0.0147445417732101
0.0240285660172672
0.0188332603406298
0.00674878549122145
0.00150781248117701
0.0256901704061759
0.0185665805202911
0.0392202753403662
0.00602997070746448
0.0378567402910522
0.00352113255615159
0.0447406225745461
0.0582129435468446
0.043023374061449
0.0587033856313466
0.00526128104883452
0.017400341760448
0.043918978381609
0.0157730016191069
0.00153097409132311
0.0274117414664514
0.0118579027649137
0.00228915695440181
0.0243951281135018
0.00798974490244959
0.0742861464713657
0.0075922370337706
0.0471779840520271
0.0134471135089862
0.011597733770534
0.00628432392370728
0.0358821148444683
0.0154936587980266
0.0354076311093551
0.00122143167641857
0.0260277924165593
0.000960051537763803
0.0479815240950193
0.0162985134737556
0.0376909184884588
0.0170113443693982
0.0112437321138754
0.0284602517315314
0.00143982100655646
0.0125619554786234
0.00394206303338911
0.00809822987910616
0.072285090053094
0.0394526230242981
0.0103689956353198
0.000361355551153035
0.0384492389623273
0.0215938759345258
0.00702364734845568
0.0152703698095973
0.00688398163524244
0.0394193624303798
0.0437989065038604
0.0155168812325997
0.0179887564532452
0.0399728218042895
0.0190258091765789
0.00336971643665188
0.0117123088736569
0.0169865657582011
0.00236758120619792
0.0104812182149542
0.0102177447963756
0.0530473689749459
0.000417396930703298
0.013265097944084
0.0828730542755719
0.0479794825525918
0.0201104919663124
0.0354218112553248
0.00347303988763769
0.00343644728202073
0.00454596625703928
0.015865079189719
0.00718528761032965
0.00343663279185607
0.0215542609959331
0.0676874100687845
0.00496128354238444
0.0412046710769116
0.0130687847698064
0.00187796318145206
0.0146051481495381
0.0301169933362409
0.000870502212391736
0.00783742451597645
0.0201360125435081
0.069411162710187
0.0230948264835735
0.0256402336332921
0.0760045839937745
0.0106903034372142
0.00270210490762407
0.0376008541244261
0.00615920692982793
0.0706620220140152
0.00446512091163097
0.0377920649630558
0.0287574344057267
0.0553600053102526
0.0137334440240674
0.0510610019216573
0.0108263428779537
0.0132253998833241
0.00810510511443926
0.00380228372759312
0.0229539998934958
0.0509698797540845
0.0142786891576906
0.00953489557648423
0.0104366472764436
0.0041711029424352
0.00785926076216034
0.00376762821509062
0.0389889845510054
0.0464047300589547
0.00232110938920377
0.0448989009493919
0.0181867488117718
0.00688965148807409
0.00267457466909419
0.0578690130006195
0.0337773763818297
0.0146257986484149
0.00931034692605663
0.0163095789247446
0.00353883296795361
0.00923454079330977
0.0401687217618754
0.0305602741570892
0.0492577038640882
0.0174433246950919
0.00333079568065472
0.0378110670552968
0.00406181458410859
0.0447054115530048
0.0471101737887827
0.0228429768075466
0.0345677789189677
0.0319037188545951
0.0187329737401435
0.0497741594413568
0.00457727431421148
0.0118093556564634
0.0366479738517595
0.0019563763240033
0.00687923142110221
0.0108053769422067
0.00234221693365455
0.0696713680419281
0.0526343378380803
0.00276524756710541
0.00947467163097438
0.00207937742493109
0.0647446344532476
0.0923023879856502
0.00856457278310586
0.0226735364689669
0.0209969717623852
0.002761548789137
0.0582228518518338
0.00307963990749535
0.0163819025615086
0.0161728548999381
0.00782731291296343
0.0264118266242435
0.0287696558000108
0.00132194325367626
0.0148763050762575
0.001203654712642
0.018476393801388
0.00846136713409966
0.0116808487476075
0.00206915427462921
0.0180181051547079
0.0794589663207901
0.0290517579035423
0.0619414439557732
0.000801237135471271
0.00291660554599816
0.00305258064492404
0.034900232279151
0.0531294004565013
0.00953832160337129
0.00202264695611748
0.00544313253784975
0.0703890381411645
0.0278437564570985
0.0170241693476891
0.00134477059327449
0.136813981092664
0.0167630332912919
0.0382236680359148
0.00218215792197753
0.00782713569686774
0.0218168623162135
0.025007866000646
0.0149726039663587
0.0408901982838714
0.0544784618691901
0.0225763214764251
0.00814575022013005
0.00189370679938762
0.00384280306511804
0.0507331357318237
0.00735016320249912
0.000880453092419557
0.000616639533820851
0.00580069397753119
0.0567951948257971
0.0294922469313015
0.0653711523061121
0.0237452845183705
0.00531919291102035
0.00421737008150384
0.00884014362062962
0.00683774052911173
0.0331223571058147
0.00441849946736381
0.00858757727260749
0.0250879524934187
0.00286903607077673
0.00184111941028033
0.0267636404560649
0.00433872414873692
0.00288891380941647
0.00591855826167855
0.00327470748635376
0.0309333021379656
0.00512927122069232
0.00307390468133629
0.0104683809094117
0.0184344806006196
0.000240047973144474
0.0270094952847744
0.0501178073341576
0.0352260560788952
0.0237896227327745
0.00401914362359262
0.0279272953000002
0.0216393924371975
0.000130110801112037
0.0109104835694615
0.026048211494038
0.0394636626084092
0.00639034530012774
0.00942220080917212
0.0273907357589799
0.00639223002011055
0.0592179609209113
0.00469859401350513
0.000549472222253773
0.00595059599209162
0.0125148508224533
0.000214776043903593
0.0613967214535205
0.0346555812273768
0.014319950355889
0.039956278105016
0.0122798415168173
0.0178151045826795
0.00101943088426745
0.00335265802139873
0.0433807708143413
0.0199732590987776
0.0142105491971975
0.016704603652547
0.0206855987087782
0.0378067651814464
0.00411001473352349
0.0276606923436175
0.004833800753081
0.113815786054932
0.00605267386615711
0.0282564238854584
0.0137173941898892
0.000684649229686843
0.00309322818231873
0.000110418270461114
0.00426207570309726
0.0331503518302557
0.0337880466686895
0.00478258664393617
0.0640597020246708
0.0147381718252956
0.0203412363410127
0.0207535134299713
0.0340716024944739
0.0394692016953317
0.0939420606950691
0.00099311520272735
0.0123551366730631
0.0046023282941939
0.0239842199844799
0.0373546363102675
0.00466780543360114
0.00140479883009508
0.020481399242436
0.000228786177855758
0.0166044534611149
0.00164896499572985
0.0169633887198407
0.015314257849258
0.0365095256313397
0.00535545545736444
0.0228183073255236
0.00439514786143144
0.0221099249589047
0.0365926842601091
0.0313287374951461
0.0586507072539388
0.00960197707461454
0.0144877034019665
0.0504951461688997
0.00015826985309614
0.0318695260245213
0.0117729452231965
0.0332799900248455
0.059650189793085
0.0320732035770715
0.0454058849399141
0.0382277282624801
0.0387333485867515
0.0215927277206836
0.00480606607932598
0.00427103764780821
0.00124459243754577
6.30244669204133e-05
0.015077515502921
0.035795011612327
0.0308444517893116
0.0649086123701366
0.0536540610772908
0.00639522241871638
0.000707625237335173
0.0268338010607148
0.0592071370602801
0.105214594290651
0.0225586703031945
0.0421807741143942
0.0379848909269386
0.00322444169579239
0.0355368913709462
0.0162301715984616
0.00674072398231613
0.0413656389698752
0.0318717795480242
0.0104893787881481
0.022450048463754
0.001073024596542
0.00134558943945627
0.0639474491815475
0.0185401918405841
0.0560555147750593
0.00865965235978709
0.0109091631931554
0.0172862413720233
0.00205774152021009
0.00234682444458053
0.0090062009173383
0.0139693080193781
0.00420575454830641
0.0596349197854493
0.0046179714611792
0.0554826064361203
0.00807103472237003
0.0559814757804428
0.042767443056908
0.0486219421444778
0.0220973898948354
0.0123524200330684
0.0170225858781857
0.00994795097881275
0.0270598044686048
0.00607668445623795
0.00721741281315606
0.0169377211198919
0.0027908064880993
0.0530644118509195
0.0207743017040435
0.0018820180918963
0.0179032780487867
0.0520207003988536
0.010126144494978
0.00144893761791165
0.0262647084456598
0.0406850601512005
0.0346078776585295
0.0149353404568842
0.020824157628538
0.066100665972617
0.0132397746861993
0.0408985153130474
0.000832073980263651
0.0280683742839167
0.00518866349479985
0.008413185741625
0.024055839138183
0.0315300574265608
0.0497370251498355
0.000938658479717815
0.00864180573120449
0.0506672249854351
0.0130278834378098
0.0162769568321277
0.00450996517070585
0.0076321213723511
0.0109590026502827
0.018017585051003
0.0302273760294687
0.0107188837272432
0.0803419177284893
0.0278752016631512
0.0274143794079008
0.0473761327619665
0.0145551418683331
0.0106106861994729
0.0249284477295324
0.0300464672277504
0.0153098801084228
0.000312187176456947
0.000565757801778545
0.019388351554174
0.0109250057046396
0.138427820427236
6.7401269997204e-05
0.0617583572837337
0.00464516443548733
0.0264410461449284
0.00476172149174302
0.00631483512071193
0.0467749832952763
0.00489382636308226
0.00808242184620848
0.00036188293963928
0.000631134769416865
0.00126665895581482
0.0250523618840901
0.0336081116095122
0.00211093895149712
0.00339233196692679
0.000244891925719747
0.00925364712346174
0.000533520446127599
0.00561419849259999
0.0398609393215836
0.0137348927406531
0.0432966637059994
0.00503354721205273
0.0133366623450609
0.0558199125035822
0.0210668115853894
0.0585283156154026
0.0293713750423328
0.0263593580553534
0.0188885629651279
0.00500561746967261
0.0680389174938577
1.57095676112449e-05
0.00567961619018687
0.0253448259038776
0.0612293286197972
0.00129571656981225
0.00291074378815058
0.0316697028977788
0.0159464212738902
0.00496279633558014
0.00300449676072757
0.0592139595731888
0.0149979017996521
0.0451079539922881
0.00910170133945398
0.00270961345221981
0.0174044394687883
0.0531791094912333
0.017258351801223
0.013004532715965
0.0316653693773245
0.00793991811864969
0.000913603944363964
0.0512661167689371
0.0211149317326596
0.0329687125844444
0.0434080403455899
0.0198045098203194
0.0190001345192648
0.0311791939288853
0.0830078617888437
0.0140319375345305
0.0263838623730041
0.025639712652433
0.0632639577109493
0.00293450129746263
0.0767445316528935
0.0344129056275165
0.0562150319834011
0.0164178754597128
0.00550178089144487
0.0108616278580036
0.0091409661834135
0.0201223579591125
0.00381405942557457
0.000898474703053283
0.0130398853334831
0.00710793508105906
0.0409941680340265
0.000458829046553564
0.0111190049454501
0.00789642380682428
0.0818969207657987
0.047885552754465
0.0375751302656449
0.00831821599060551
0.0389843412461304
0.0406001568583182
0.0881174064756443
0.0497942496757931
0.00212909424258554
0.0268196478090479
0.000319835293873753
0.0299593054231042
0.0334250607190401
0.00671281278553218
0.0251249807990941
0.0290758979069321
0.0445473818527587
0.0856548618103943
0.0120544995063344
0.0575588295950042
9.52315762166012e-05
0.00190624756199633
0.00230542384877465
0.0475617312379968
0.00277320797993512
0.0796401493733404
0.00511582111940634
0.038944510471865
0.0118247858479234
0.024784627295768
0.0142215727997231
0.0661226522400277
0.000556424581574732
0.0125150746205357
0.00859513298974578
0.0281903330851092
0.00815819498803394
0.027072121465114
0.00481147061218464
0.0433885823111192
0.0136209555299878
0.0143342014953022
0.0114489394068033
0.0610972896467276
0.00818157191281157
0.0753777299595824
0.0203106431053272
0.0305084611568153
0.0399667773662779
0.0156534359664622
0.0977101100683731
0.0243183308106975
0.00401639422320555
0.00857769782390114
0.0288950205008334
0.005796538326669
0.0136920239119912
0.0108553648512844
0.00498452317521273
0.0466412817186728
0.0331452340840068
0.0141073918495944
0.0102052192074319
0.0189216416032202
0.029462267002695
0.00443833601414116
0.055902233835658
0.0638968540605118
0.0164868002949355
0.000436965703143416
0.0207860463648459
0.00296892006184999
0.000725628580378311
0.031223802036673
0.0186050935882266
0.00872757458496549
0.0186459218687842
0.0350080939981082
0.00780261854336846
0.057270768713253
0.00334954735563503
0.00807242620994565
0.0112692546485754
0.070366947559346
0.000946807674392646
0.0155318270529106
0.0567617431610508
0.00427163449799279
0.023815619117466
0.00556396786964137
0.00768011717899033
0.0612505921309033
0.00361901782019215
0.00732139517360559
0.00652200028141097
0.00597038274217897
0.000184385590163731
0.000623911638730421
0.0240806540201832
0.00794619129818752
0.0125748597401212
0.0461683068973515
0.012172327802842
0.0952625285075164
0.00200235866390836
0.0218737611629279
0.00896597511092599
0.0258556258968081
0.00888962925163733
0.0143790353432539
0.00182712713573973
0.0594116646863294
0.0600240994797823
0.0217320513781825
0.00262603329559229
0.00525603671093385
0.0210337888815454
0.0120265602156451
0.010019826676837
0.0381163093220308
0.00830500017823253
0.00552998418817206
0.00650463059053331
0.0318924525759557
0.00334660499907038
0.0258725040374662
0.00639778651448577
0.0215405882736544
0.0304817682367565
0.00601697718666056
0.0124446365377028
0.00553874200538756
0.00552411664824725
0.00844346887912753
0.0139868435511479
0.00880703135642838
0.00112125016570768
0.032003869934965
0.0672636839415016
0.00326162620081915
0.00577623023755222
0.00194890557298705
0.0185110386540147
0.000552227538935404
0.0328125362971822
0.00206629855782496
0.00554164969804804
0.0231914613829085
0.0170921920999669
0.0460182171100956
0.0457993079761252
0.00448541312875878
0.00482003637649329
0.0209262763259681
0.0265479265909554
0.0170278749752787
0.0318904386715092
0.0133655254243236
0.00143043347928839
0.00688231359105174
0.115476423191002
0.0329249176909183
0.000104313944365876
0.0805988588973722
0.0581109343605413
0.0219787974849047
0.0193020074359297
0.00546081155909536
0.00789997455660478
0.0367198857725749
0.0121401845124216
0.123662739848766
0.0432277743924537
0.0102299892720069
0.00124719533944505
0.000984871542274303
0.0488585371656648
0.0201375989907866
0.0073719368483009
0.0169496336025088
0.0113991389249739
0.0208817572145102
0.0197948006611103
0.00941650818817486
0.000840390262972705
0.0197571764008993
0.0505125170900709
0.00490213171478226
0.00449992536437853
0.00788000809848295
0.00229089668454644
0.0420766874879681
0.0496978103306826
0.0189517536700232
0.0120245947911478
0.0318813626308796
0.00556820918546744
0.010822945116382
0.0196415623964144
0.00950286073736486
0.0194471491354053
0.0158280198275096
0.0921247006482359
0.0230450295893933
0.00711561045763894
0.0399746595138304
0.0263301888182982
0.0028137975002124
0.0272386658410744
0.0291198913257528
0.0275637704111662
0.00613741509734527
0.00637775849400342
0.000365455356144492
0.0184708185680639
0.000560038482746342
0.0053630977602103
0.0132012661803111
0.0141691937183696
0.00605077606423801
0.00467267214453778
0.0288131033782193
0.00597895743819503
0.170801563497777
0.0570885799978046
0.0145969728077844
0.0298447368162485
0.00824188360525229
0.00470721724064931
0.000294293641772593
7.36468840401719e-05
0.00228194389973901
0.0069118908824853
0.00197146930845404
0.00113356275567308
0.00193536948192995
0.0542865610661907
0.0543636328712582
0.0145372757830526
0.0683528418786446
0.068631033191746
0.00266966453739686
0.0429436478587232
0.01009750747787
0.0332706825886165
0.00596977442926055
0.00877281095979959
0.094033713027477
0.000993546010280292
0.0281498914912482
0.0134951160768786
0.0248826477927266
0.0471020246602531
0.00297953759076727
0.000559566610246797
0.0897353970712877
0.0107852573768979
0.00609132217380839
0.0688515135786921
0.0297368488632939
0.0354032285943328
0.0770461258409172
0.00337268293254048
0.0564656756509075
0.00302492336431317
0.0149813081297472
0.0342936530199405
0.0119815611057158
0.0273976624459757
0.00514285356867504
0.0246955202561197
0.00523796509351332
0.011250623418241
0.0141038063396255
0.043602349553136
0.00509101789383911
0.0457233861832958
0.00110266271721289
0.0165656391687654
0.0225082556496032
0.00123917153808652
0.00466046291811075
0.0220784047963514
0.00913410967359818
0.00747317302700053
0.025783272283431
0.0133512678286826
0.0256822935655624
0.0103372053378008
0.0173117649705067
0.0317492661887528
0.00914659462447756
0.0149244131776486
0.00902838932480986
0.0256469755762804
0.0586541455721721
0.00402565300470512
0.0254404943122135
0.00412556161492495
0.0254722728401456
0.0231636536895436
0.0365816524713628
0.00192891513810331
0.035694978489878
0.073748090704298
0.00434224170702843
0.0802486330237604
0.0115808588778666
0.00590731762896769
0.0214985075260912
0.0110334082250966
0.00440905183169609
0.0679777678445207
0.0326730412956748
0.0103688475072618
0.0261730874813127
0.0453442398800997
0.00333607431736752
0.0217739710533698
0.0227183651272033
0.0184510527743733
0.01718423482884
0.0370793888382983
0.012044680849917
0.00655665160032534
0.00095312060723347
0.124016609634591
0.0893944233442199
0.0395417966727833
0.00583924236461097
0.0167430515979808
0.00525048251643046
0.0182215150618324
0.0399261134637935
0.00288664778609649
0.00810991079502987
0.0282616368388642
0.00246916241499427
0.0176299699977656
0.0859786899389385
0.000356194057117046
0.00615697113571506
0.0510698766585551
0.0321935008698456
0.00956740387632414
0.000966101833634425
0.0511184611816906
0.000419828357967139
0.0314292747173808
0.0411695454761468
0.0152131225590502
0.0109856850770399
0.0010807452101223
0.0161255481336
0.0728797402719548
0.0228680686419668
0.0453646308414578
0.00381865164275868
0.049723175052383
0.0190270719716507
0.0682015817387692
0.00128067612950993
0.00977950708272596
0.0237696221502263
0.0335140296587176
0.0134406436676863
0.0273710545129232
0.018452241650931
0.0114355970350561
0.00636865975003365
0.00776636713152109
0.0100796685708475
0.0289134051119539
0.0301454872824407
0.00708182303774313
0.0255595765760906
0.0261770593909016
0.0190483172513016
0.0147583672130408
0.0037352153614942
0.0273888771859896
0.0760828255067831
0.0316080018990465
0.00661489843165567
0.00209041979932137
0.00339331053147172
0.0204728680841665
0.00613195570295718
0.0752224299389031
0.00600685356125343
0.00638821374108004
0.00644607569628928
0.0024333473171453
0.0196284550285186
0.0625460918737905
0.0603420682645769
0.0021048189968152
0.0230849215183751
0.00604163735002632
0.0457870071567465
0.0106593520927452
0.00069199572321705
0.035565465753912
0.00299008623915421
0.00916320402076357
0.00135660279130023
0.0367498911762898
0.00449047283983115
0.0647148613648593
0.000494124192953025
0.0147650975506781
0.0238316432010083
0.0100573255974661
0.00218935227171603
0.025786296530521
0.0987546824803352
0.0138229754695849
0.0236310781958773
0.0203316964950314
0.0332404624293668
0.00283658282215517
0.00458942669354971
0.0103159290807145
0.0060549679962521
0.0101084111273094
0.0411113094061011
0.0447155449811192
0.00192654199679877
0.00617605621229429
0.00250492271339963
0.0155086042769213
0.0140839091102512
0.00798303813959964
0.0406824469972588
0.0440739900195536
0.0480739605149759
0.103659405298987
0.0242285080844368
0.0293772985179529
0.000249617949699011
0.0137825782566455
0.0163716220200372
0.00526677555553665
0.002998883315384
0.0741693658575864
0.0166136843589345
0.010568860829406
0.0157545946387785
0.0145786322731819
0.0156502475404375
0.00593948331203209
0.00137596833164141
0.0270926129313315
0.0146595350874831
0.0486900249753402
0.0421702861149387
0.0196214301646156
0.0267442596724349
0.0418099052289587
0.00253923375534321
0.0117820235738831
0.015860974223528
0.0194106666331894
0.00805691075122663
0.00831294621242929
0.0246045104897513
0.0301724089078832
0.0765449584653283
0.0318341511402058
0.0189984893963523
0.0327369005078747
0.0189727842778221
0.0284755853837572
0.0086545950289968
0.023344285737496
0.0048302632692173
0.0162971212733944
0.00356946460905108
0.0863173794270878
0.0205299809798358
0.012161866937985
0.00661049270694171
0.0203199932076577
0.000821749283770843
0.0312988815562734
0.00413172946975544
0.00999942838171194
0.0219014593620913
0.0209186316736401
0.069389459601586
0.0565388326883893
0.00402674885092254
0.00628514135724961
0.00478586278325485
0.00161146140941281
0.0494424927563619
0.00224603515784964
0.0204268285194629
0.0307930801024923
0.00772821573477193
0.0617850001098794
0.0266915922750258
0.0420360354767111
0.00753639331567814
0.00539834103532751
0.00729856787792159
0.0150281139557211
0.00196723979366415
0.011627507886528
0.0230453946599977
0.00574375408249311
0.0486368653772035
0.0135027977748572
0.00307410239790143
0.00146970530192215
0.00256738385445919
0.0221090502930763
0.00537932216721642
0.0194524868468206
0.0039313422716209
0.0120087946740255
0.0136096154797748
0.0213612097953059
0.0244876218737168
0.0132992265935103
0.041462947411542
0.0874184876466289
0.0218068171576151
0.00258540000014628
0.012270669771171
0.0716724669539417
0.0232588599525217
0.00804131049425913
0.00711263574695888
0.0434690359524103
0.0874800469118573
0.011510585357021
0.00282970065315439
0.030285188332327
0.0054046224689998
0.00478882813704079
0.011931126921775
0.0110173968571737
0.00357369370235405
0.00876407658624065
0.0053736934540151
